6.2438898 5.8392568 5.8689537 -1.0626193 -1.1203549 -1.0593426 -0.7913986 -0.8140020 -0.5864135 -0.9634225 -1.0681542 -1.0602949 -1.0187750 -1.0352746 -1.0848043 -1.0212089 -1.0010039 -1.0215393 -1.0809497 -1.0108330 -1.0381112 -0.9465064 -0.9991649 -0.2410912 -0.9273040 -0.9615836 -0.8876647 -0.8790922 -1.0351278 -1.1148341 -1.0455643 -0.9441696 -1.0022755 -1.0103602 -0.9967636 -1.0332644 -1.0477839 -1.0414793 -1.0237424 -1.0447298 -0.9933629 -1.0538454 -1.0554851 -1.0899720 -1.0168568 -1.0578532 -1.0785483 -0.7174018 -0.6529363 -0.7945846 -0.7781892 -0.7345363 -0.6600606 -0.7234671 -0.6467098 -0.6588383 -0.7834670 -0.7753845 -0.7553812 -0.6958936 -0.6588141 -0.6668471 -0.7100839 -0.6658313 -0.5628085 -0.6534811 -0.6774752 -0.7009936 -0.7348385 -0.7078019 -0.7667862 -0.6790031 -0.6683072 -0.6589791 -0.5776354 -0.4365093 -0.6315633 -0.6224168 5.8266382 5.8720784 5.8567948 5.8654351 5.8451204 5.8250809 -0.9697996 -0.7099805 -1.0213113 -1.0126281 -0.4241340 5.7394233 -0.9864379 -0.9726234 -1.0675961 -0.7489552
5.8392568 6.1678557 5.8239193 -1.0582820 -1.1160676 -1.0548700 -0.7873780 -0.8108060 -0.5832400 -0.9586495 -1.0638169 -1.0557258 -1.0141433 -1.0307115 -1.0806206 -1.0165876 -0.9963867 -1.0171871 -1.0763383 -1.0060049 -1.0334477 -0.9418700 -0.9945108 -0.2377280 -0.9239901 -0.9577773 -0.8837795 -0.8751642 -1.0304984 -1.1103067 -1.0410420 -0.9397662 -0.9977972 -1.0056940 -0.9921647 -1.0287904 -1.0434585 -1.0366946 -1.0192300 -1.0400530 -0.9887190 -1.0494256 -1.0508025 -1.0862968 -1.0124563 -1.0533760 -1.0739875 -0.7141968 -0.6492439 -0.7915304 -0.7748796 -0.7307618 -0.6562690 -0.7199181 -0.6430243 -0.6549323 -0.7796595 -0.7720535 -0.7513337 -0.6923971 -0.6555783 -0.6630167 -0.7063202 -0.6621800 -0.5590296 -0.6499716 -0.6738509 -0.6975759 -0.7311777 -0.7041995 -0.7637210 -0.6756079 -0.6648396 -0.6552826 -0.5736851 -0.4327219 -0.6279522 -0.6190006 5.7768822 5.8222942 5.8070512 5.8147531 5.7951407 5.7744131 -0.9650866 -0.7062129 -1.0167048 -1.0080556 -0.4203343 5.6913819 -0.9817705 -0.9679648 -1.0631236 -0.7457781
5.8689537 5.8239193 6.2120838 -1.0619427 -1.1198785 -1.0583850 -0.7900615 -0.8126121 -0.5856873 -0.9622090 -1.0671055 -1.0593706 -1.0176682 -1.0341802 -1.0837799 -1.0200486 -0.9999936 -1.0204684 -1.0799047 -1.0095931 -1.0370677 -0.9453142 -0.9978760 -0.2394180 -0.9264688 -0.9607151 -0.8864768 -0.8779611 -1.0342107 -1.1141186 -1.0445201 -0.9430608 -1.0011122 -1.0091809 -0.9957591 -1.0324781 -1.0469345 -1.0405121 -1.0226029 -1.0435989 -0.9922669 -1.0529135 -1.0541880 -1.0894468 -1.0159498 -1.0566854 -1.0774635 -0.7158936 -0.6511319 -0.7932604 -0.7766771 -0.7329215 -0.6586398 -0.7219194 -0.6448876 -0.6571625 -0.7816446 -0.7740497 -0.7539563 -0.6938979 -0.6571311 -0.6652047 -0.7084236 -0.6640278 -0.5609596 -0.6516948 -0.6753145 -0.6993614 -0.7334431 -0.7059140 -0.7654837 -0.6771501 -0.6662051 -0.6571928 -0.5755778 -0.4344768 -0.6300215 -0.6205410 5.8047829 5.8497915 5.8353028 5.8433661 5.8234153 5.8028455 -0.9687399 -0.7085913 -1.0204518 -1.0115678 -0.4221541 5.7184005 -0.9852763 -0.9715171 -1.0664703 -0.7476173
-1.0626193 -1.0582820 -1.0619427 1.2198488 0.7520152 0.7024842 0.2025753 0.0656010 0.1479335 0.6321866 0.7105498 0.7039630 0.6797174 0.6924903 0.7309257 0.6730826 0.6570206 0.6758793 0.7196789 0.6664543 0.6870702 0.6127520 0.6558427 -0.0976670 0.3228555 0.3487333 0.2923869 0.2709430 0.6890991 0.7448169 0.6916888 0.6324545 0.6644794 0.6667800 0.6521869 0.6858575 0.6940731 0.6920713 0.6819521 0.6932873 0.6529428 0.7007816 0.7025080 0.6429104 0.6756873 0.7017130 0.7195120 0.0011227 -0.0296403 0.0387446 0.0303665 0.0186432 -0.0197006 0.0093317 -0.0335160 -0.0323791 0.0247589 0.0218170 0.1802589 -0.0062740 -0.0219056 -0.0137318 -0.0015408 -0.0229953 -0.0576814 -0.0278698 -0.0121193 -0.0080754 0.0103189 -0.0032958 0.0292051 -0.0094216 -0.0153142 -0.0176793 -0.0517815 -0.0893859 -0.0371288 -0.0421425 -1.0575687 -1.0617602 -1.0605874 -1.0606374 -1.0590630 -1.0566829 0.6423464 0.1773504 0.6790706 0.6704328 -0.0912593 -1.0500230 0.6461924 0.6356903 0.7107424 0.0212844
-1.1203549 -1.1160676 -1.1198785 0.7520152 1.2864269 0.7458131 0.2147811 0.0748914 0.1569020 0.6690089 0.7550378 0.7486992 0.7150874 0.7277197 0.7725494 0.7144148 0.6956336 0.7162617 0.7661904 0.7054716 0.7296832 0.6473145 0.6946245 -0.1069711 0.3454620 0.3751381 0.3107740 0.2885681 0.7298244 0.7993345 0.7354720 0.6682533 0.7022808 0.7048278 0.6892633 0.7270835 0.7377265 0.7337725 0.7228329 0.7359012 0.6902269 0.7454580 0.7467861 0.6924112 0.7164657 0.7463762 0.7657755 0.0043856 -0.0296958 0.0469416 0.0375067 0.0225129 -0.0198524 0.0125469 -0.0343030 -0.0328305 0.0313193 0.0280374 0.1898489 -0.0035279 -0.0211519 -0.0133250 0.0019179 -0.0226502 -0.0612219 -0.0281664 -0.0109281 -0.0047631 0.0156598 0.0006133 0.0360700 -0.0074358 -0.0144374 -0.0168917 -0.0548861 -0.0968053 -0.0386161 -0.0439772 -1.1152848 -1.1197402 -1.1182374 -1.1186253 -1.1172485 -1.1149222 0.6796047 0.1873683 0.7206596 0.7099292 -0.0991426 -1.1082653 0.6834226 0.6714184 0.7566407 0.0276990
-1.0593426 -1.0548700 -1.0583850 0.7024842 0.7458131 1.2043962 0.2024355 0.0655553 0.1473331 0.6276258 0.7049934 0.6984910 0.6695130 0.6813291 0.7184026 0.6688639 0.6524330 0.6716921 0.7146072 0.6614728 0.6817939 0.6077006 0.6509181 -0.0961366 0.3203798 0.3469863 0.2899868 0.2700715 0.6831820 0.7388588 0.6871427 0.6276156 0.6587045 0.6609251 0.6468673 0.6795541 0.6890358 0.6868643 0.6767752 0.6881385 0.6475501 0.6951881 0.6974705 0.6386746 0.6704046 0.6969981 0.7139081 0.0017945 -0.0283947 0.0388545 0.0306427 0.0193953 -0.0184107 0.0105668 -0.0322732 -0.0314129 0.0250397 0.0223356 0.1796989 -0.0054036 -0.0207578 -0.0129749 -0.0005441 -0.0219295 -0.0563011 -0.0270936 -0.0111792 -0.0063440 0.0108967 -0.0027538 0.0297786 -0.0089146 -0.0142902 -0.0174622 -0.0501572 -0.0876763 -0.0356305 -0.0410721 -1.0544721 -1.0585991 -1.0571629 -1.0574423 -1.0556918 -1.0533471 0.6376359 0.1763360 0.6735834 0.6651693 -0.0895072 -1.0465546 0.6414986 0.6307888 0.7052189 0.0223070
-0.7913986 -0.7873780 -0.7900615 0.2025753 0.2147811 0.2024355 0.8465932 0.1239540 0.1022884 0.1828311 0.2038653 0.2025863 0.1949122 0.1983575 0.2073737 0.1945567 0.1906002 0.1948726 0.2070032 0.1922700 0.1979101 0.1791015 0.1898953 0.0205002 0.1871333 0.2006383 0.1747684 0.1723835 0.1978593 0.2139321 0.2002468 0.1797271 0.1910370 0.1925175 0.1892785 0.1973328 0.2004324 0.1988902 0.1952995 0.1997370 0.1887087 0.2017257 0.2009962 0.2234590 0.1940252 0.2019624 0.2062378 0.0991326 0.0862587 0.1150675 0.1116938 0.1056543 0.0896373 0.1018469 0.0823621 0.0845053 0.1094203 0.1080679 0.1369093 0.0930314 0.0861818 0.0879578 0.0954932 0.0863111 0.0678234 0.0845351 0.0895859 0.0942032 0.1010825 0.0954553 0.1074970 0.0906345 0.0875758 0.0867378 0.0707700 0.0454989 0.0803068 0.0784737 -0.7863347 -0.7902693 -0.7890031 -0.7898009 -0.7883136 -0.7859631 0.1849028 0.1228469 0.1949198 0.1926340 0.0435751 -0.7790915 0.1880926 0.1845020 0.2043003 0.1048931
-0.8140020 -0.8108060 -0.8126121 0.0656010 0.0748914 0.0655553 0.1239540 0.9090769 0.0858084 0.0545688 0.0666038 0.0656978 0.0598083 0.0618749 0.0688511 0.0611823 0.0594094 0.0603134 0.0680534 0.0592405 0.0623888 0.0550057 0.0587814 0.0567210 0.1370951 0.1433046 0.1318269 0.1347974 0.0616693 0.0741262 0.0635294 0.0498073 0.0578560 0.0588778 0.0591868 0.0618120 0.0638388 0.0631123 0.0591181 0.0624740 0.0582654 0.0637090 0.0642901 0.1011443 0.0589772 0.0653137 0.0679462 0.1576585 0.1458604 0.1736358 0.1706205 0.2101210 0.1883272 0.2063981 0.1581850 0.1614222 0.1901910 0.1888924 0.1180353 0.1542797 0.1460332 0.1466941 0.1576708 0.1474092 0.1273706 0.1455634 0.1494517 0.1561837 0.1623838 0.1576319 0.1687993 0.1511795 0.1483418 0.1469907 0.1306392 0.1005167 0.1422490 0.1390046 -0.8088947 -0.8124606 -0.8121174 -0.8123342 -0.8109152 -0.8094135 0.0537527 0.1069410 0.0596931 0.0588572 0.0978053 -0.8026279 0.0573979 0.0563091 0.0660510 0.1663814
-0.5864135 -0.5832400 -0.5856873 0.1479335 0.1569020 0.1473331 0.1022884 0.0858084 0.8837026 0.1332489 0.1491964 0.1477979 0.1411509 0.1433504 0.1507834 0.1415458 0.1387250 0.1420630 0.1509795 0.1398923 0.1439152 0.1299445 0.1384131 0.0143005 0.1318088 0.1344110 0.1198963 0.1184911 0.1442193 0.1560882 0.1457397 0.1306785 0.1390970 0.1400670 0.1375012 0.1436601 0.1456261 0.1448450 0.1423240 0.1454344 0.1374764 0.1469871 0.1471272 0.1574461 0.1406532 0.1476122 0.1506830 0.0699465 0.0609473 0.0812832 0.0796996 0.0731695 0.0617372 0.0712114 0.0590751 0.0607337 0.0792933 0.0778430 0.0943177 0.0655054 0.0601223 0.0616708 0.0670808 0.0607738 0.0490240 0.0594868 0.0636161 0.0660685 0.0713589 0.0667052 0.0753086 0.0645113 0.0621703 0.0611667 0.0504287 0.0324448 0.0565538 0.0549197 -0.5827549 -0.5856391 -0.5845570 -0.5849568 -0.5839030 -0.5823344 0.1345907 0.1048841 0.1425330 0.1403222 0.0307833 -0.5768040 0.1367325 0.1345100 0.1487976 0.0738776
-0.9634225 -0.9586495 -0.9622090 0.6321866 0.6690089 0.6276258 0.1828311 0.0545688 0.1332489 1.1250771 0.6358584 0.6293372 0.6053578 0.6148234 0.6468924 0.6039446 0.5899168 0.6063436 0.6424073 0.5972544 0.6153771 0.5502437 0.5880628 -0.0842080 0.2878310 0.3106736 0.2604431 0.2416738 0.6167164 0.6635814 0.6201613 0.5683190 0.5954913 0.5971328 0.5848852 0.6138288 0.6219484 0.6195420 0.6114589 0.6209729 0.5855771 0.6277773 0.6283119 0.5720514 0.6068087 0.6288995 0.6423948 -0.0012927 -0.0273806 0.0298728 0.0227819 0.0140312 -0.0183384 0.0064531 -0.0309782 -0.0306048 0.0176220 0.0148308 0.1624805 -0.0078421 -0.0209729 -0.0137927 -0.0040794 -0.0230099 -0.0516390 -0.0269987 -0.0120718 -0.0090536 0.0061792 -0.0048682 0.0224763 -0.0102165 -0.0147566 -0.0176813 -0.0464065 -0.0773635 -0.0343241 -0.0388917 -0.9583530 -0.9627540 -0.9610246 -0.9612538 -0.9595342 -0.9570038 0.5771445 0.1594899 0.6082730 0.6009294 -0.0790537 -0.9503273 0.5801241 0.5710630 0.6357028 0.0160737
-1.0681542 -1.0638169 -1.0671055 0.7105498 0.7550378 0.7049934 0.2038653 0.0666038 0.1491964 0.6358584 1.2244821 0.7078936 0.6781948 0.6893323 0.7270395 0.6771231 0.6598258 0.6795323 0.7227242 0.6698695 0.6906112 0.6147994 0.6588326 -0.0981471 0.3246987 0.3507797 0.2929176 0.2715119 0.6922072 0.7498720 0.6970264 0.6355651 0.6665973 0.6699963 0.6549845 0.6888323 0.7000484 0.6954574 0.6860830 0.6973433 0.6554742 0.7053803 0.7068089 0.6471012 0.6798676 0.7065846 0.7236018 0.0018769 -0.0295388 0.0394210 0.0305853 0.0193335 -0.0191505 0.0102852 -0.0337073 -0.0320382 0.0252972 0.0225646 0.1810275 -0.0055466 -0.0213767 -0.0131586 -0.0010971 -0.0231659 -0.0575769 -0.0278395 -0.0112054 -0.0069537 0.0107022 -0.0027195 0.0297566 -0.0089895 -0.0150467 -0.0178080 -0.0517039 -0.0894990 -0.0372895 -0.0420980 -1.0630132 -1.0671269 -1.0659233 -1.0659952 -1.0645366 -1.0622969 0.6461436 0.1779705 0.6815960 0.6734868 -0.0912891 -1.0554461 0.6495556 0.6388702 0.7145646 0.0226276
-1.0602949 -1.0557258 -1.0593706 0.7039630 0.7486992 0.6984910 0.2025863 0.0656978 0.1477979 0.6293372 0.7078936 1.2094897 0.6709680 0.6828646 0.7208265 0.6699957 0.6542352 0.6720990 0.7158160 0.6619861 0.6844386 0.6096297 0.6524696 -0.0969378 0.3217886 0.3478343 0.2905116 0.2695791 0.6847805 0.7418984 0.6898096 0.6293420 0.6608354 0.6629987 0.6482172 0.6819326 0.6910640 0.6882910 0.6780915 0.6904283 0.6491365 0.6979811 0.6994245 0.6403583 0.6732061 0.6988112 0.7149627 0.0019002 -0.0287316 0.0392040 0.0309102 0.0186832 -0.0190172 0.0097640 -0.0325958 -0.0319246 0.0254436 0.0218707 0.1799072 -0.0052758 -0.0209141 -0.0130157 -0.0012901 -0.0228538 -0.0569752 -0.0273171 -0.0112122 -0.0072347 0.0107006 -0.0026122 0.0290544 -0.0086699 -0.0144692 -0.0172719 -0.0509812 -0.0883087 -0.0369788 -0.0417244 -1.0551251 -1.0596395 -1.0581310 -1.0582967 -1.0567393 -1.0543945 0.6392853 0.1778298 0.6749378 0.6668204 -0.0901531 -1.0476457 0.6426469 0.6316645 0.7078724 0.0218120
-1.0187750 -1.0141433 -1.0176682 0.6797174 0.7150874 0.6695130 0.1949122 0.0598083 0.1411509 0.6053578 0.6781948 0.6709680 1.1735799 0.6605523 0.6967309 0.6437475 0.6288275 0.6463839 0.6852638 0.6371167 0.6565967 0.5866315 0.6275194 -0.0915460 0.3070183 0.3313825 0.2778122 0.2576632 0.6580389 0.7098979 0.6618406 0.6048724 0.6356974 0.6369938 0.6235590 0.6545889 0.6628643 0.6604679 0.6521271 0.6622186 0.6246087 0.6697441 0.6698424 0.6108423 0.6464462 0.6699581 0.6858464 -0.0008892 -0.0291775 0.0335569 0.0258793 0.0159115 -0.0193297 0.0075236 -0.0333604 -0.0324541 0.0204317 0.0172421 0.1728502 -0.0073781 -0.0216345 -0.0140634 -0.0031706 -0.0231460 -0.0550416 -0.0283565 -0.0128386 -0.0089656 0.0074981 -0.0045875 0.0254613 -0.0108190 -0.0157273 -0.0183518 -0.0497829 -0.0843570 -0.0361427 -0.0409919 -1.0137972 -1.0181042 -1.0165632 -1.0168024 -1.0151320 -1.0126060 0.6150926 0.1695485 0.6488439 0.6413335 -0.0860240 -1.0059297 0.6185951 0.6084282 0.6784055 0.0186484
-1.0352746 -1.0307115 -1.0341802 0.6924903 0.7277197 0.6813291 0.1983575 0.0618749 0.1433504 0.6148234 0.6893323 0.6828646 0.6605523 1.1852461 0.7091104 0.6542696 0.6392978 0.6574455 0.6974949 0.6472710 0.6673550 0.5955279 0.6374016 -0.0934890 0.3132585 0.3380838 0.2830140 0.2634170 0.6684254 0.7218792 0.6719992 0.6141934 0.6453038 0.6470820 0.6341708 0.6653957 0.6749094 0.6715056 0.6628399 0.6733641 0.6344185 0.6807964 0.6811104 0.6226684 0.6569711 0.6813369 0.6970540 -0.0001719 -0.0292231 0.0359457 0.0281624 0.0168628 -0.0194643 0.0081264 -0.0331856 -0.0325322 0.0214911 0.0189787 0.1756846 -0.0069304 -0.0217514 -0.0141758 -0.0029805 -0.0233297 -0.0561493 -0.0278551 -0.0124710 -0.0085297 0.0080584 -0.0037130 0.0265412 -0.0098581 -0.0152414 -0.0179805 -0.0500500 -0.0858805 -0.0365355 -0.0417899 -1.0302639 -1.0344948 -1.0332071 -1.0333868 -1.0318331 -1.0291989 0.6248834 0.1725450 0.6591725 0.6510555 -0.0874237 -1.0223595 0.6279330 0.6176417 0.6899118 0.0196620
-1.0848043 -1.0806206 -1.0837799 0.7309257 0.7725494 0.7184026 0.2073737 0.0688511 0.1507834 0.6468924 0.7270395 0.7208265 0.6967309 0.7091104 1.2544247 0.6886607 0.6724727 0.6914959 0.7371400 0.6818324 0.7037120 0.6256251 0.6702402 -0.1012449 0.3317392 0.3581617 0.2994554 0.2776404 0.7043100 0.7635327 0.7088402 0.6458130 0.6789593 0.6814025 0.6673067 0.7008579 0.7112554 0.7062870 0.6973994 0.7095876 0.6674380 0.7172104 0.7185200 0.6611319 0.6909449 0.7173041 0.7377793 0.0020414 -0.0300617 0.0408811 0.0320881 0.0196356 -0.0197895 0.0105151 -0.0341130 -0.0334976 0.0258758 0.0230348 0.1838941 -0.0058427 -0.0216953 -0.0137779 -0.0007069 -0.0230097 -0.0596528 -0.0286124 -0.0118027 -0.0067711 0.0117806 -0.0018487 0.0311247 -0.0089258 -0.0150672 -0.0182013 -0.0527266 -0.0924412 -0.0373761 -0.0436220 -1.0794539 -1.0838971 -1.0826999 -1.0827157 -1.0810509 -1.0792650 0.6561250 0.1809977 0.6945916 0.6865168 -0.0942727 -1.0722797 0.6607962 0.6495156 0.7294118 0.0234694
-1.0212089 -1.0165876 -1.0200486 0.6730826 0.7144148 0.6688639 0.1945567 0.0611823 0.1415458 0.6039446 0.6771231 0.6699957 0.6437475 0.6542696 0.6886607 1.1660938 0.6273864 0.6451192 0.6837680 0.6352481 0.6549176 0.5850497 0.6255090 -0.0907521 0.3067534 0.3321728 0.2778486 0.2579425 0.6556993 0.7079968 0.6595506 0.6034619 0.6329734 0.6354156 0.6215051 0.6527390 0.6621975 0.6590418 0.6502526 0.6610563 0.6218572 0.6687030 0.6684339 0.6099759 0.6440167 0.6682455 0.6844940 0.0008966 -0.0277018 0.0350660 0.0276395 0.0170878 -0.0180403 0.0085805 -0.0311588 -0.0308013 0.0215444 0.0191413 0.1733063 -0.0060746 -0.0206300 -0.0131038 -0.0022180 -0.0222513 -0.0541155 -0.0266584 -0.0114333 -0.0073743 0.0089368 -0.0037462 0.0261290 -0.0087458 -0.0142618 -0.0173501 -0.0483439 -0.0829111 -0.0349223 -0.0399852 -1.0161141 -1.0205027 -1.0189713 -1.0192384 -1.0176557 -1.0150555 0.6133965 0.1695334 0.6470456 0.6390536 -0.0846758 -1.0082015 0.6166255 0.6067751 0.6767746 0.0199694
-1.0010039 -0.9963867 -0.9999936 0.6570206 0.6956336 0.6524330 0.1906002 0.0594094 0.1387250 0.5899168 0.6598258 0.6542352 0.6288275 0.6392978 0.6724727 0.6273864 1.1462291 0.6298988 0.6684945 0.6206055 0.6395623 0.5715709 0.6109602 -0.0879311 0.3000908 0.3230498 0.2715661 0.2521595 0.6407313 0.6896901 0.6437749 0.5891145 0.6185462 0.6206973 0.6068957 0.6373932 0.6465640 0.6432043 0.6345721 0.6448698 0.6083568 0.6516747 0.6523965 0.5944620 0.6297011 0.6521530 0.6675657 0.0009627 -0.0267560 0.0338103 0.0264783 0.0164366 -0.0173774 0.0084146 -0.0307153 -0.0304119 0.0203763 0.0177679 0.1693850 -0.0062541 -0.0200492 -0.0128329 -0.0023565 -0.0216439 -0.0526092 -0.0261965 -0.0112394 -0.0075817 0.0082990 -0.0034636 0.0249873 -0.0088809 -0.0143876 -0.0168374 -0.0469040 -0.0804194 -0.0337829 -0.0388301 -0.9959966 -1.0003883 -0.9989144 -0.9991538 -0.9973447 -0.9949050 0.5989197 0.1663472 0.6320773 0.6233947 -0.0821555 -0.9880451 0.6020623 0.5925177 0.6599551 0.0190748
-1.0215393 -1.0171871 -1.0204684 0.6758793 0.7162617 0.6716921 0.1948726 0.0603134 0.1420630 0.6063436 0.6795323 0.6720990 0.6463839 0.6574455 0.6914959 0.6451192 0.6298988 1.1712356 0.6881226 0.6385905 0.6575457 0.5874420 0.6285440 -0.0915435 0.3074858 0.3329149 0.2783246 0.2589810 0.6598601 0.7107729 0.6624808 0.6056253 0.6359463 0.6379294 0.6246892 0.6556954 0.6646821 0.6615316 0.6527027 0.6633894 0.6259133 0.6711175 0.6717320 0.6129553 0.6475404 0.6721104 0.6869369 0.0000581 -0.0287387 0.0344690 0.0265943 0.0161105 -0.0194265 0.0078828 -0.0324223 -0.0320747 0.0207881 0.0181611 0.1734014 -0.0069799 -0.0217237 -0.0140386 -0.0026276 -0.0231983 -0.0551524 -0.0279656 -0.0124418 -0.0082247 0.0081717 -0.0045411 0.0256326 -0.0099148 -0.0152038 -0.0178930 -0.0492742 -0.0840426 -0.0354664 -0.0406087 -1.0166762 -1.0210367 -1.0193990 -1.0195924 -1.0179677 -1.0156783 0.6164418 0.1702561 0.6496332 0.6422237 -0.0858690 -1.0085734 0.6195434 0.6093264 0.6793085 0.0187575
-1.0809497 -1.0763383 -1.0799047 0.7196789 0.7661904 0.7146072 0.2070032 0.0680534 0.1509795 0.6424073 0.7227242 0.7158160 0.6852638 0.6974949 0.7371400 0.6837680 0.6684945 0.6881226 1.2378247 0.6782598 0.6984982 0.6212086 0.6659457 -0.0997056 0.3298120 0.3563271 0.2971294 0.2755719 0.6997351 0.7591578 0.7041469 0.6419433 0.6744748 0.6763784 0.6609991 0.6964782 0.7062868 0.7017340 0.6928331 0.7044601 0.6618151 0.7128444 0.7138578 0.6565673 0.6867107 0.7141685 0.7316299 0.0029804 -0.0289463 0.0412879 0.0329197 0.0199444 -0.0195429 0.0104259 -0.0333697 -0.0325227 0.0266766 0.0233440 0.1837548 -0.0047608 -0.0210106 -0.0134741 -0.0000528 -0.0226453 -0.0580718 -0.0276739 -0.0104631 -0.0059521 0.0119581 -0.0018089 0.0311566 -0.0081479 -0.0141099 -0.0171487 -0.0518603 -0.0908528 -0.0370367 -0.0422395 -1.0758100 -1.0799694 -1.0786686 -1.0787976 -1.0774660 -1.0750200 0.6522648 0.1804870 0.6896799 0.6813564 -0.0926314 -1.0683968 0.6564096 0.6446151 0.7233452 0.0231986
-1.0108330 -1.0060049 -1.0095931 0.6664543 0.7054716 0.6614728 0.1922700 0.0592405 0.1398923 0.5972544 0.6698695 0.6619861 0.6371167 0.6472710 0.6818324 0.6352481 0.6206055 0.6385905 0.6782598 1.1546431 0.6481111 0.5787354 0.6191121 -0.0897067 0.3032376 0.3278228 0.2746423 0.2551556 0.6494696 0.7007621 0.6529698 0.5969900 0.6266728 0.6288328 0.6151946 0.6463352 0.6549474 0.6517294 0.6431739 0.6534926 0.6164394 0.6607544 0.6615571 0.6033416 0.6380826 0.6617357 0.6766168 0.0002488 -0.0277395 0.0339859 0.0266963 0.0159457 -0.0186562 0.0077968 -0.0317690 -0.0314209 0.0202373 0.0176729 0.1711485 -0.0062340 -0.0204630 -0.0130822 -0.0028081 -0.0224881 -0.0535630 -0.0268324 -0.0117795 -0.0080467 0.0079775 -0.0039748 0.0254259 -0.0097029 -0.0149234 -0.0171098 -0.0480951 -0.0820769 -0.0348968 -0.0395937 -1.0054752 -1.0100753 -1.0085671 -1.0085969 -1.0070953 -1.0045967 0.6069699 0.1680856 0.6403314 0.6328824 -0.0838059 -0.9976953 0.6101443 0.6007213 0.6696106 0.0189675
-1.0381112 -1.0334477 -1.0370677 0.6870702 0.7296832 0.6817939 0.1979101 0.0623888 0.1439152 0.6153771 0.6906112 0.6844386 0.6565967 0.6673550 0.7037120 0.6549176 0.6395623 0.6575457 0.6984982 0.6481111 1.1851754 0.5966191 0.6386006 -0.0935886 0.3136313 0.3390226 0.2836212 0.2629739 0.6688375 0.7234139 0.6732315 0.6151308 0.6451514 0.6476409 0.6337044 0.6671895 0.6757457 0.6721438 0.6626138 0.6740341 0.6350453 0.6815311 0.6821305 0.6231896 0.6577134 0.6826990 0.6987579 0.0006576 -0.0283653 0.0366215 0.0285196 0.0173349 -0.0190946 0.0091091 -0.0324280 -0.0316113 0.0229529 0.0200535 0.1762730 -0.0059275 -0.0206833 -0.0134284 -0.0021359 -0.0224718 -0.0553851 -0.0269771 -0.0113692 -0.0076580 0.0094454 -0.0032701 0.0272552 -0.0092267 -0.0151418 -0.0173337 -0.0497642 -0.0855440 -0.0358226 -0.0408569 -1.0332065 -1.0373552 -1.0358039 -1.0361252 -1.0345429 -1.0320475 0.6249623 0.1724177 0.6597677 0.6520612 -0.0873664 -1.0252613 0.6290023 0.6186344 0.6908185 0.0206320
-0.9465064 -0.9418700 -0.9453142 0.6127520 0.6473145 0.6077006 0.1791015 0.0550057 0.1299445 0.5502437 0.6147994 0.6096297 0.5866315 0.5955279 0.6256251 0.5850497 0.5715709 0.5874420 0.6212086 0.5787354 0.5966191 1.1017858 0.5710741 -0.0798509 0.2804029 0.3020648 0.2544540 0.2359033 0.5976629 0.6421395 0.6002856 0.5505056 0.5773807 0.5787501 0.5665290 0.5945424 0.6023282 0.5999544 0.5925369 0.6018921 0.5675327 0.6079570 0.6087539 0.5529846 0.5874276 0.6085758 0.6213223 0.0011890 -0.0241672 0.0313094 0.0247553 0.0159211 -0.0156337 0.0079310 -0.0275975 -0.0274174 0.0192738 0.0167792 0.1596632 -0.0054417 -0.0177648 -0.0110066 -0.0019440 -0.0194488 -0.0479110 -0.0236604 -0.0100019 -0.0070067 0.0077977 -0.0031230 0.0233929 -0.0078162 -0.0125624 -0.0150587 -0.0426974 -0.0730835 -0.0309827 -0.0353852 -0.9416176 -0.9459762 -0.9443567 -0.9445058 -0.9429998 -0.9403469 0.5596216 0.1560546 0.5892178 0.5832090 -0.0745250 -0.9335691 0.5625196 0.5534396 0.6152247 0.0175583
-0.9991649 -0.9945108 -0.9978760 0.6558427 0.6946245 0.6509181 0.1898953 0.0587814 0.1384131 0.5880628 0.6588326 0.6524696 0.6275194 0.6374016 0.6702402 0.6255090 0.6109602 0.6285440 0.6659457 0.6191121 0.6386006 0.5710741 1.1439201 -0.0875469 0.2989276 0.3230261 0.2708078 0.2517246 0.6393269 0.6889371 0.6426434 0.5880690 0.6172782 0.6192198 0.6056551 0.6363657 0.6448996 0.6420332 0.6336802 0.6440666 0.6072281 0.6504174 0.6518523 0.5931835 0.6286486 0.6518333 0.6664317 0.0003995 -0.0271163 0.0335762 0.0264062 0.0167726 -0.0173716 0.0084529 -0.0309475 -0.0299067 0.0205246 0.0178564 0.1690686 -0.0063559 -0.0196034 -0.0126677 -0.0026018 -0.0216206 -0.0521172 -0.0262199 -0.0114738 -0.0077587 0.0075926 -0.0039657 0.0253490 -0.0092691 -0.0142413 -0.0168959 -0.0471081 -0.0800491 -0.0340546 -0.0388247 -0.9939899 -0.9983634 -0.9970265 -0.9970249 -0.9955425 -0.9928649 0.5976585 0.1666046 0.6302375 0.6232699 -0.0819495 -0.9860840 0.6014066 0.5917718 0.6589044 0.0185560
-0.2410912 -0.2377280 -0.2394180 -0.0976670 -0.1069711 -0.0961366 0.0205002 0.0567210 0.0143005 -0.0842080 -0.0981471 -0.0969378 -0.0915460 -0.0934890 -0.1012449 -0.0907521 -0.0879311 -0.0915435 -0.0997056 -0.0897067 -0.0935886 -0.0798509 -0.0875469 0.8522534 0.0001853 -0.0038342 0.0058504 0.0102203 -0.0939326 -0.1053131 -0.0946315 -0.0861829 -0.0896612 -0.0898398 -0.0869306 -0.0933507 -0.0950095 -0.0944149 -0.0929308 -0.0949595 -0.0872661 -0.0958928 -0.0966761 -0.0783735 -0.0920072 -0.0964804 -0.1000792 0.0662717 0.0697677 0.0618545 0.0629787 0.0634727 0.0681726 0.0649746 0.0701476 0.0709798 0.0648343 0.0650286 0.0244321 0.0664878 0.0680064 0.0666515 0.0663439 0.0689187 0.0699424 0.0692618 0.0666010 0.0675854 0.0651733 0.0666489 0.0623713 0.0658970 0.0667383 0.0669987 0.0693986 0.0677894 0.0700841 0.0707644 -0.2373683 -0.2401712 -0.2391893 -0.2395884 -0.2381163 -0.2365697 -0.0860003 0.0186554 -0.0922149 -0.0906950 0.0670363 -0.2315100 -0.0859111 -0.0841798 -0.0981968 0.0632736
-0.9273040 -0.9239901 -0.9264688 0.3228555 0.3454620 0.3203798 0.1871333 0.1370951 0.1318088 0.2878310 0.3246987 0.3217886 0.3070183 0.3132585 0.3317392 0.3067534 0.3000908 0.3074858 0.3298120 0.3032376 0.3136313 0.2804029 0.2989276 0.0001853 0.9518475 0.2902736 0.2465401 0.2402360 0.3133960 0.3429155 0.3161637 0.2848940 0.3012874 0.3035969 0.2978792 0.3128671 0.3173326 0.3154110 0.3092115 0.3165593 0.2966872 0.3206069 0.3196534 0.3416996 0.3069948 0.3209136 0.3284758 0.0963964 0.0765923 0.1220663 0.1163216 0.1069234 0.0814004 0.1013728 0.0717510 0.0744036 0.1145255 0.1122398 0.1782450 0.0895999 0.0782759 0.0817774 0.0926286 0.0772923 0.0515635 0.0746323 0.0832079 0.0887052 0.1002194 0.0917853 0.1115808 0.0859991 0.0809277 0.0792131 0.0558980 0.0226040 0.0683136 0.0652528 -0.9220468 -0.9264981 -0.9247149 -0.9253953 -0.9241233 -0.9223555 0.2914852 0.1554885 0.3083264 0.3050965 0.0201714 -0.9153174 0.2947448 0.2893697 0.3248236 0.1069060
-0.9615836 -0.9577773 -0.9607151 0.3487333 0.3751381 0.3469863 0.2006383 0.1433046 0.1344110 0.3106736 0.3507797 0.3478343 0.3313825 0.3380838 0.3581617 0.3321728 0.3230498 0.3329149 0.3563271 0.3278228 0.3390226 0.3020648 0.3230261 -0.0038342 0.2902736 0.9875025 0.2649000 0.2560012 0.3390450 0.3725407 0.3421449 0.3071885 0.3257401 0.3280256 0.3219532 0.3379409 0.3429800 0.3406452 0.3341301 0.3419135 0.3210752 0.3466316 0.3462742 0.3713592 0.3315855 0.3467938 0.3559780 0.0982491 0.0758218 0.1257202 0.1185480 0.1104324 0.0818155 0.1047115 0.0715512 0.0736748 0.1169083 0.1139081 0.1888293 0.0895275 0.0774075 0.0809106 0.0934928 0.0772056 0.0489424 0.0738009 0.0828635 0.0897316 0.1019917 0.0929019 0.1142561 0.0859795 0.0812567 0.0788731 0.0537484 0.0183445 0.0669002 0.0635089 -0.9563259 -0.9604535 -0.9589581 -0.9594389 -0.9585958 -0.9565294 0.3148636 0.1603857 0.3335450 0.3291202 0.0161813 -0.9497205 0.3185168 0.3126462 0.3514515 0.1101542
-0.8876647 -0.8837795 -0.8864768 0.2923869 0.3107740 0.2899868 0.1747684 0.1318269 0.1198963 0.2604431 0.2929176 0.2905116 0.2778122 0.2830140 0.2994554 0.2778486 0.2715661 0.2783246 0.2971294 0.2746423 0.2836212 0.2544540 0.2708078 0.0058504 0.2465401 0.2649000 0.9091229 0.2199354 0.2833353 0.3084998 0.2858905 0.2574370 0.2722811 0.2749717 0.2692980 0.2823716 0.2865632 0.2846081 0.2796056 0.2859415 0.2693260 0.2889438 0.2893547 0.3077107 0.2775872 0.2893816 0.2969129 0.0950847 0.0772001 0.1173603 0.1125758 0.1043833 0.0823739 0.0998495 0.0733316 0.0757662 0.1116863 0.1077437 0.1653700 0.0890004 0.0788616 0.0819443 0.0920276 0.0780840 0.0552283 0.0762239 0.0836710 0.0891528 0.0987247 0.0909291 0.1092262 0.0857004 0.0813636 0.0799910 0.0589863 0.0286316 0.0699828 0.0671529 -0.8823748 -0.8866678 -0.8852012 -0.8857182 -0.8844502 -0.8823525 0.2637193 0.1428669 0.2790016 0.2763235 0.0263099 -0.8755342 0.2672446 0.2623593 0.2927052 0.1048222
-0.8790922 -0.8751642 -0.8779611 0.2709430 0.2885681 0.2700715 0.1723835 0.1347974 0.1184911 0.2416738 0.2715119 0.2695791 0.2576632 0.2634170 0.2776404 0.2579425 0.2521595 0.2589810 0.2755719 0.2551556 0.2629739 0.2359033 0.2517246 0.0102203 0.2402360 0.2560012 0.2199354 0.9057452 0.2631948 0.2862074 0.2651670 0.2386902 0.2527501 0.2550493 0.2503709 0.2622546 0.2665793 0.2649157 0.2597230 0.2656605 0.2503371 0.2681845 0.2682448 0.2901779 0.2578198 0.2693406 0.2753704 0.1001179 0.0834679 0.1220464 0.1177585 0.1109657 0.0879139 0.1050811 0.0791826 0.0811593 0.1148705 0.1126300 0.1642223 0.0937314 0.0839463 0.0868805 0.0968360 0.0849361 0.0609357 0.0814865 0.0888747 0.0932692 0.1038525 0.0957623 0.1133891 0.0906028 0.0866436 0.0852786 0.0649784 0.0344201 0.0760338 0.0735377 -0.8737547 -0.8780570 -0.8767954 -0.8775048 -0.8758575 -0.8740631 0.2449741 0.1416259 0.2590308 0.2558360 0.0318471 -0.8668676 0.2483578 0.2436883 0.2728195 0.1092787
-1.0351278 -1.0304984 -1.0342107 0.6890991 0.7298244 0.6831820 0.1978593 0.0616693 0.1442193 0.6167164 0.6922072 0.6847805 0.6580389 0.6684254 0.7043100 0.6556993 0.6407313 0.6598601 0.6997351 0.6494696 0.6688375 0.5976629 0.6393269 -0.0939326 0.3133960 0.3390450 0.2833353 0.2631948 1.1874800 0.7244188 0.6743116 0.6167207 0.6465210 0.6493108 0.6357074 0.6670210 0.6763296 0.6729333 0.6645319 0.6757728 0.6366311 0.6831285 0.6838723 0.6243475 0.6588181 0.6843876 0.7002172 -0.0002849 -0.0299361 0.0349537 0.0271006 0.0165208 -0.0196223 0.0078316 -0.0335370 -0.0328434 0.0211976 0.0184797 0.1756082 -0.0071826 -0.0219842 -0.0145578 -0.0028682 -0.0242306 -0.0565378 -0.0289359 -0.0129037 -0.0090721 0.0079238 -0.0049294 0.0262625 -0.0108717 -0.0158898 -0.0186529 -0.0508533 -0.0863590 -0.0370906 -0.0418232 -1.0301192 -1.0343213 -1.0329497 -1.0331264 -1.0316931 -1.0291408 0.6269792 0.1728894 0.6612039 0.6534700 -0.0881876 -1.0222611 0.6299170 0.6195525 0.6917630 0.0193639
-1.1148341 -1.1103067 -1.1141186 0.7448169 0.7993345 0.7388588 0.2139321 0.0741262 0.1560882 0.6635814 0.7498720 0.7418984 0.7098979 0.7218792 0.7635327 0.7079968 0.6896901 0.7107729 0.7591578 0.7007621 0.7234139 0.6421395 0.6889371 -0.1053131 0.3429155 0.3725407 0.3084998 0.2862074 0.7244188 1.2951463 0.7293906 0.6634336 0.6974514 0.6989640 0.6847043 0.7203770 0.7328266 0.7284522 0.7165023 0.7302184 0.6853009 0.7392799 0.7399063 0.6849959 0.7117547 0.7404523 0.7589189 0.0045714 -0.0293535 0.0465740 0.0368408 0.0219055 -0.0192804 0.0124177 -0.0346590 -0.0328284 0.0304823 0.0263424 0.1889910 -0.0038589 -0.0210519 -0.0130804 0.0014627 -0.0226165 -0.0603031 -0.0283988 -0.0104857 -0.0053714 0.0146112 -0.0002105 0.0355952 -0.0077403 -0.0141726 -0.0173898 -0.0541748 -0.0955731 -0.0374977 -0.0434216 -1.1098365 -1.1140031 -1.1124413 -1.1127144 -1.1114860 -1.1090766 0.6743135 0.1864976 0.7136536 0.7044886 -0.0977126 -1.1025059 0.6789255 0.6671512 0.7503584 0.0264890
-1.0455643 -1.0410420 -1.0445201 0.6916888 0.7354720 0.6871427 0.2002468 0.0635294 0.1457397 0.6201613 0.6970264 0.6898096 0.6618406 0.6719992 0.7088402 0.6595506 0.6437749 0.6624808 0.7041469 0.6529698 0.6732315 0.6002856 0.6426434 -0.0946315 0.3161637 0.3421449 0.2858905 0.2651670 0.6743116 0.7293906 1.1933876 0.6208016 0.6511315 0.6533810 0.6387656 0.6716670 0.6809797 0.6773648 0.6689360 0.6807202 0.6402608 0.6869167 0.6880914 0.6285607 0.6630333 0.6891204 0.7048044 0.0016472 -0.0282977 0.0376132 0.0296534 0.0175818 -0.0187876 0.0091454 -0.0329462 -0.0319377 0.0232544 0.0203719 0.1775272 -0.0060942 -0.0208707 -0.0131227 -0.0015944 -0.0227290 -0.0559551 -0.0277103 -0.0117956 -0.0074237 0.0095521 -0.0033236 0.0284187 -0.0091188 -0.0146827 -0.0176441 -0.0503248 -0.0861101 -0.0358826 -0.0413606 -1.0404649 -1.0448188 -1.0434171 -1.0434755 -1.0418620 -1.0395604 0.6304124 0.1747482 0.6648623 0.6567651 -0.0879388 -1.0326372 0.6340221 0.6232463 0.6964570 0.0203913
-0.9441696 -0.9397662 -0.9430608 0.6324545 0.6682533 0.6276156 0.1797271 0.0498073 0.1306785 0.5683190 0.6355651 0.6293420 0.6048724 0.6141934 0.6458130 0.6034619 0.5891145 0.6056253 0.6419433 0.5969900 0.6151308 0.5505056 0.5880690 -0.0861829 0.2848940 0.3071885 0.2574370 0.2386902 0.6167207 0.6634336 0.6208016 1.1348269 0.5959322 0.5976259 0.5840813 0.6138133 0.6208176 0.6198058 0.6122167 0.6217393 0.5857851 0.6281401 0.6281734 0.5710868 0.6068577 0.6290779 0.6420067 -0.0057434 -0.0316434 0.0254958 0.0183731 0.0096457 -0.0227697 0.0016377 -0.0352041 -0.0349039 0.0128813 0.0103370 0.1599693 -0.0119025 -0.0245563 -0.0175985 -0.0084288 -0.0265349 -0.0555355 -0.0308199 -0.0163370 -0.0131493 0.0017394 -0.0094608 0.0174239 -0.0144352 -0.0190536 -0.0217860 -0.0501713 -0.0804574 -0.0383621 -0.0429306 -0.9394653 -0.9434465 -0.9420638 -0.9421489 -0.9405940 -0.9380963 0.5770956 0.1569935 0.6079658 0.6012927 -0.0822087 -0.9315667 0.5802797 0.5708139 0.6351163 0.0116449
-1.0022755 -0.9977972 -1.0011122 0.6644794 0.7022808 0.6587045 0.1910370 0.0578560 0.1390970 0.5954913 0.6665973 0.6608354 0.6356974 0.6453038 0.6789593 0.6329734 0.6185462 0.6359463 0.6744748 0.6266728 0.6451514 0.5773807 0.6172782 -0.0896612 0.3012874 0.3257401 0.2722811 0.2527501 0.6465210 0.6974514 0.6511315 0.5959322 1.1564791 0.6271118 0.6127381 0.6442129 0.6531767 0.6502661 0.6415978 0.6517992 0.6146122 0.6594963 0.6589414 0.6011221 0.6363118 0.6603999 0.6735849 -0.0013312 -0.0290344 0.0321261 0.0247884 0.0144720 -0.0196198 0.0063741 -0.0329852 -0.0322115 0.0188314 0.0166743 0.1702351 -0.0080546 -0.0216307 -0.0146444 -0.0042651 -0.0238268 -0.0545534 -0.0282904 -0.0130515 -0.0094781 0.0063383 -0.0054174 0.0236125 -0.0109347 -0.0160654 -0.0187484 -0.0494199 -0.0826692 -0.0361283 -0.0406964 -0.9972851 -1.0015010 -1.0001518 -1.0004554 -0.9986930 -0.9960023 0.6054048 0.1672770 0.6380499 0.6308401 -0.0842398 -0.9893953 0.6083382 0.5991564 0.6673990 0.0172871
-1.0103602 -1.0056940 -1.0091809 0.6667800 0.7048278 0.6609251 0.1925175 0.0588778 0.1400670 0.5971328 0.6699963 0.6629987 0.6369938 0.6470820 0.6814025 0.6354156 0.6206973 0.6379294 0.6763784 0.6288328 0.6476409 0.5787501 0.6192198 -0.0898398 0.3035969 0.3280256 0.2749717 0.2550493 0.6493108 0.6989640 0.6533810 0.5976259 0.6271118 1.1584409 0.6157463 0.6460454 0.6545906 0.6519139 0.6441453 0.6539187 0.6164880 0.6609782 0.6615273 0.6028968 0.6383654 0.6622535 0.6764134 -0.0000820 -0.0281819 0.0341381 0.0268913 0.0158859 -0.0188553 0.0076997 -0.0317716 -0.0308009 0.0210883 0.0183329 0.1712651 -0.0063251 -0.0205522 -0.0133088 -0.0025682 -0.0226928 -0.0540012 -0.0270162 -0.0119761 -0.0085769 0.0077632 -0.0041448 0.0253115 -0.0099347 -0.0147352 -0.0174256 -0.0481373 -0.0823006 -0.0350773 -0.0400737 -1.0049447 -1.0093974 -1.0080744 -1.0082216 -1.0066502 -1.0040302 0.6074442 0.1686410 0.6399994 0.6324611 -0.0840895 -0.9972390 0.6096770 0.6006312 0.6689287 0.0190046
-0.9967636 -0.9921647 -0.9957591 0.6521869 0.6892633 0.6468673 0.1892785 0.0591868 0.1375012 0.5848852 0.6549845 0.6482172 0.6235590 0.6341708 0.6673067 0.6215051 0.6068957 0.6246892 0.6609991 0.6151946 0.6337044 0.5665290 0.6056551 -0.0869306 0.2978792 0.3219532 0.2692980 0.2503709 0.6357074 0.6847043 0.6387656 0.5840813 0.6127381 0.6157463 1.1413108 0.6324753 0.6407129 0.6378038 0.6296837 0.6397313 0.6029279 0.6464813 0.6481503 0.5905123 0.6243706 0.6479960 0.6623247 0.0015581 -0.0257090 0.0347310 0.0275251 0.0173872 -0.0166472 0.0090772 -0.0297772 -0.0294843 0.0205479 0.0183495 0.1683894 -0.0052626 -0.0192448 -0.0120575 -0.0013795 -0.0210009 -0.0515827 -0.0253464 -0.0108820 -0.0068415 0.0089799 -0.0026879 0.0258312 -0.0082852 -0.0134243 -0.0157142 -0.0460746 -0.0793458 -0.0331345 -0.0377390 -0.9917935 -0.9962093 -0.9947088 -0.9948145 -0.9930606 -0.9905683 0.5945361 0.1654412 0.6262411 0.6190261 -0.0811447 -0.9837650 0.5970719 0.5878314 0.6555266 0.0194340
-1.0332644 -1.0287904 -1.0324781 0.6858575 0.7270835 0.6795541 0.1973328 0.0618120 0.1436601 0.6138288 0.6888323 0.6819326 0.6545889 0.6653957 0.7008579 0.6527390 0.6373932 0.6556954 0.6964782 0.6463352 0.6671895 0.5945424 0.6363657 -0.0933507 0.3128671 0.3379409 0.2823716 0.2622546 0.6670210 0.7203770 0.6716670 0.6138133 0.6442129 0.6460454 0.6324753 1.1817803 0.6737050 0.6707501 0.6615847 0.6724898 0.6328827 0.6802019 0.6805242 0.6221975 0.6568846 0.6825688 0.6955331 0.0000434 -0.0289636 0.0357622 0.0277780 0.0170503 -0.0191861 0.0083269 -0.0329302 -0.0323590 0.0220738 0.0199067 0.1752373 -0.0065665 -0.0212988 -0.0137894 -0.0028545 -0.0234067 -0.0558707 -0.0280914 -0.0125698 -0.0085072 0.0084077 -0.0040226 0.0263555 -0.0099977 -0.0151805 -0.0178767 -0.0501582 -0.0855338 -0.0365723 -0.0412909 -1.0283839 -1.0326912 -1.0310979 -1.0312785 -1.0297261 -1.0271491 0.6238421 0.1722075 0.6582304 0.6500160 -0.0872737 -1.0203509 0.6272180 0.6170861 0.6886682 0.0193591
-1.0477839 -1.0434585 -1.0469345 0.6940731 0.7377265 0.6890358 0.2004324 0.0638388 0.1456261 0.6219484 0.7000484 0.6910640 0.6628643 0.6749094 0.7112554 0.6621975 0.6465640 0.6646821 0.7062868 0.6549474 0.6757457 0.6023282 0.6448996 -0.0950095 0.3173326 0.3429800 0.2865632 0.2665793 0.6763296 0.7328266 0.6809797 0.6208176 0.6531767 0.6545906 0.6407129 0.6737050 1.1967187 0.6801245 0.6707045 0.6809745 0.6412618 0.6898035 0.6894157 0.6317361 0.6644124 0.6905891 0.7059396 0.0013093 -0.0289589 0.0382583 0.0295165 0.0178227 -0.0192040 0.0091592 -0.0321774 -0.0321031 0.0233200 0.0209772 0.1780780 -0.0057578 -0.0207474 -0.0138889 -0.0018394 -0.0230478 -0.0562167 -0.0275997 -0.0119312 -0.0078534 0.0095061 -0.0032233 0.0274294 -0.0091610 -0.0146395 -0.0172425 -0.0503290 -0.0868997 -0.0362362 -0.0412249 -1.0427642 -1.0474921 -1.0458305 -1.0457908 -1.0444473 -1.0418279 0.6320886 0.1745158 0.6674262 0.6595532 -0.0885212 -1.0350597 0.6358611 0.6253515 0.6991977 0.0218119
-1.0414793 -1.0366946 -1.0405121 0.6920713 0.7337725 0.6868643 0.1988902 0.0631123 0.1448450 0.6195420 0.6954574 0.6882910 0.6604679 0.6715056 0.7062870 0.6590418 0.6432043 0.6615316 0.7017340 0.6517294 0.6721438 0.5999544 0.6420332 -0.0944149 0.3154110 0.3406452 0.2846081 0.2649157 0.6729333 0.7284522 0.6773648 0.6198058 0.6502661 0.6519139 0.6378038 0.6707501 0.6801245 1.1914781 0.6676280 0.6786603 0.6382909 0.6867331 0.6873805 0.6273212 0.6614501 0.6870291 0.7029043 0.0006880 -0.0288647 0.0363698 0.0284250 0.0175384 -0.0191393 0.0086275 -0.0330070 -0.0323567 0.0220019 0.0193801 0.1764298 -0.0070384 -0.0213165 -0.0138491 -0.0020452 -0.0234157 -0.0562993 -0.0280864 -0.0120710 -0.0081223 0.0090565 -0.0038651 0.0269055 -0.0099588 -0.0153021 -0.0182197 -0.0505574 -0.0862214 -0.0363716 -0.0415125 -1.0363106 -1.0408711 -1.0392486 -1.0393611 -1.0377803 -1.0354238 0.6296017 0.1734321 0.6643603 0.6558590 -0.0883653 -1.0285468 0.6331343 0.6227363 0.6951100 0.0199630
-1.0237424 -1.0192300 -1.0226029 0.6819521 0.7228329 0.6767752 0.1952995 0.0591181 0.1423240 0.6114589 0.6860830 0.6780915 0.6521271 0.6628399 0.6973994 0.6502526 0.6345721 0.6527027 0.6928331 0.6431739 0.6626138 0.5925369 0.6336802 -0.0929308 0.3092115 0.3341301 0.2796056 0.2597230 0.6645319 0.7165023 0.6689360 0.6122167 0.6415978 0.6441453 0.6296837 0.6615847 0.6707045 0.6676280 1.1742909 0.6700671 0.6308589 0.6774324 0.6773951 0.6180127 0.6538610 0.6784222 0.6932284 -0.0014959 -0.0303577 0.0335692 0.0251342 0.0150300 -0.0208353 0.0064497 -0.0341196 -0.0332806 0.0198019 0.0170081 0.1736439 -0.0082343 -0.0225163 -0.0152117 -0.0039290 -0.0247396 -0.0567400 -0.0295844 -0.0136443 -0.0100751 0.0065196 -0.0058402 0.0238476 -0.0116569 -0.0167916 -0.0194375 -0.0510022 -0.0855163 -0.0376056 -0.0426778 -1.0184253 -1.0228961 -1.0214155 -1.0213916 -1.0197546 -1.0174201 0.6212076 0.1707449 0.6553475 0.6472461 -0.0872945 -1.0105093 0.6248319 0.6142347 0.6856136 0.0172654
-1.0447298 -1.0400530 -1.0435989 0.6932873 0.7359012 0.6881385 0.1997370 0.0624740 0.1454344 0.6209729 0.6973433 0.6904283 0.6622186 0.6733641 0.7095876 0.6610563 0.6448698 0.6633894 0.7044601 0.6534926 0.6740341 0.6018921 0.6440666 -0.0949595 0.3165593 0.3419135 0.2859415 0.2656605 0.6757728 0.7302184 0.6807202 0.6217393 0.6517992 0.6539187 0.6397313 0.6724898 0.6809745 0.6786603 0.6700671 1.1949522 0.6411191 0.6888943 0.6899414 0.6297461 0.6641980 0.6900956 0.7050709 0.0004133 -0.0291032 0.0365815 0.0284657 0.0170232 -0.0195115 0.0083445 -0.0330522 -0.0321139 0.0232991 0.0204450 0.1772181 -0.0063679 -0.0211796 -0.0139268 -0.0022237 -0.0234238 -0.0563290 -0.0281515 -0.0119629 -0.0081925 0.0093549 -0.0038388 0.0276264 -0.0093831 -0.0155083 -0.0183376 -0.0510592 -0.0866672 -0.0367180 -0.0416541 -1.0395229 -1.0438656 -1.0422580 -1.0423781 -1.0408777 -1.0385158 0.6307195 0.1741858 0.6657308 0.6580465 -0.0885084 -1.0316845 0.6347231 0.6244928 0.6965151 0.0204541
-0.9933629 -0.9887190 -0.9922669 0.6529428 0.6902269 0.6475501 0.1887087 0.0582654 0.1374764 0.5855771 0.6554742 0.6491365 0.6246087 0.6344185 0.6674380 0.6218572 0.6083568 0.6259133 0.6618151 0.6164394 0.6350453 0.5675327 0.6072281 -0.0872661 0.2966872 0.3210752 0.2693260 0.2503371 0.6366311 0.6853009 0.6402608 0.5857851 0.6146122 0.6164880 0.6029279 0.6328827 0.6412618 0.6382909 0.6308589 0.6411191 1.1415747 0.6475779 0.6483738 0.5901636 0.6252483 0.6486817 0.6636328 -0.0000874 -0.0273079 0.0325019 0.0253664 0.0158521 -0.0179011 0.0074607 -0.0310320 -0.0301628 0.0201327 0.0176074 0.1682710 -0.0066262 -0.0200027 -0.0130653 -0.0026899 -0.0222811 -0.0526238 -0.0265227 -0.0120717 -0.0080156 0.0075464 -0.0041421 0.0244330 -0.0096898 -0.0146307 -0.0173169 -0.0470814 -0.0800687 -0.0342439 -0.0389960 -0.9884276 -0.9924792 -0.9910213 -0.9914038 -0.9895622 -0.9872129 0.5954620 0.1649633 0.6273187 0.6201921 -0.0818161 -0.9802631 0.5982366 0.5888169 0.6551492 0.0183197
